
scat WCSTools 3.6.6, 5 October 2006, Doug Mink SAO
objID             	run	rerun	camcol	field	obj	type	ra        	dec      	umag	gmag	rmag	imag	zmag	uerr    	gerr   	rerr    	ierr    	zerr   
------------------	---	-----	------	-----	---	----	----------	---------	------	------	------	------	------	--------	------	--------	--------	-------
588015509269381128	3325	41	4	108	8	6	359.989565	0.012297	18.082	16.109	15.298	15.013	14.831	0.016	3.807E-3	3.815E-3	3.932E-3	5.262E-3
588015509269381193	3325	41	4	108	73	6	359.989298	0.027769	20.022	18.125	17.359	17.102	16.972	0.055	6.709E-3	5.682E-3	5.944E-3	0.014
587731186203951133	2662	40	3	283	29	6	0.0306	-6.278797E-3	17.614	16.149	15.642	15.447	15.338	0.011	3.696E-3	4.183E-3	3.931E-3	5.697E-3
587731186203951229	2662	40	3	283	125	6	0.017309	-0.032995	20.576	18.295	17.317	16.929	16.715	0.067	6.979E-3	5.501E-3	5.325E-3	0.011
588015509269381132	3325	41	4	108	12	6	0.039027	1.552288E-3	19.334	16.764	15.277	14.446	13.978	0.034	4.319E-3	3.87E-3	3.897E-3	4.361E-3
587731186203951243	2662	40	3	283	139	6	0.034859	-0.028253	19.936	17.874	17.158	16.905	16.758	0.043	5.868E-3	5.289E-3	5.316E-3	0.011
588015509269381125	3325	41	4	108	5	6	359.982544	0.044052	16.288	14.663	14.197	14.243	13.763	6.825E-3	3.392E-3	0.011	2.826E-3	4.395E-3
587731186203951167	2662	40	3	283	63	6	0.047371	-6.703669E-3	16.149	14.951	14.558	14.414	14.354	5.941E-3	3.3E-3	3.986E-3	3.695E-3	4.485E-3
588015509269381210	3325	41	4	108	90	6	0.028449	0.041349	20.557	18.343	17.351	16.985	16.781	0.082	7.453E-3	5.713E-3	5.761E-3	0.012
587731186203951236	2662	40	3	283	132	3	0.03258	-0.040575	16.869	15.674	15.134	14.866	14.598	0.019	2.827E-3	2.634E-3	2.808E-3	6.148E-3
587731186203951125	2662	40	3	283	21	6	0.025658	-0.046404	19.7	17.025	15.613	14.477	13.872	0.036	4.385E-3	4.186E-3	3.66E-3	4.161E-3
588015509269381217	3325	41	4	108	97	6	0.045085	0.031487	19.645	18.411	17.875	17.691	17.625	0.042	7.64E-3	6.949E-3	7.601E-3	0.021
587731186203951118	2662	40	3	283	14	6	0.019484	-0.056912	19.006	17.786	17.29	17.084	16.944	0.023	5.715E-3	5.479E-3	5.63E-3	0.012
588015509269381204	3325	41	4	108	84	6	0.019983	0.059704	20.475	17.996	16.657	16.104	15.831	0.077	6.437E-3	4.672E-3	4.584E-3	7.468E-3
588015509269381139	3325	41	4	108	19	6	0.049842	0.040372	18.198	17.931	17.959	17.866	17.816	0.017	6.125E-3	7.156E-3	8.246E-3	0.025
587731186203885669	2662	40	3	282	101	3	4.404874E-3	-0.065156	18.246	16.711	15.749	15.008	15.311	0.181	0.024	0.018	0.014	0.057
587731186203885665	2662	40	3	282	97	6	359.999003	-0.06538	15.247	11.059	9.951	9.539	9.977	9.808E-3	3.661E-4	3.753E-4	4.548E-4	1.355E-3
587731186203885666	2662	40	3	282	98	6	0.01077	-0.072692	15.515	15.066	15.122	14.427	13.557	6.258E-3	0.013	0.013	0.012	5.906E-3
587731186203951138	2662	40	3	283	34	3	0.037395	-0.06479	15.207	11.043	13.649	10.4	10.86	0.016	4.566E-4	9.04E-3	7.611E-4	1.912E-3
588015509269381147	3325	41	4	108	27	6	0.074528	9.908433E-3	18.388	16.539	16.046	15.824	15.714	0.02	6.292E-3	6.678E-3	7.438E-3	0.011
587731186203885617	2662	40	3	282	49	6	359.916051	-2.875445E-3	16.117	15.025	14.654	14.531	14.487	5.765E-3	3.084E-3	4.116E-3	3.976E-3	4.649E-3
587731186203951111	2662	40	3	283	7	3	0.018489	-0.083355	17.058	15.299	14.523	14.151	13.842	0.016	2.609E-3	2.274E-3	2.309E-3	4.201E-3
587731186203885730	2662	40	3	282	162	3	359.95218	-0.07379	19.02	17.505	16.797	16.38	16.061	0.035	6.412E-3	4.698E-3	4.564E-3	0.011
588015509269381122	3325	41	4	108	2	6	359.962567	0.081684	18.855	17.913	17.637	17.542	17.541	0.026	6.25E-3	6.301E-3	7.12E-3	0.02
587731186203885728	2662	40	3	282	160	6	359.939889	-0.067676	20.411	18.019	16.989	16.582	16.354	0.06	6.155E-3	5.221E-3	5.035E-3	8.67E-3
587731186203885750	2662	40	3	282	182	3	6.466287E-3	-0.09259	19.65	17.895	17.017	16.631	16.306	0.059	6.932E-3	5.148E-3	5.254E-3	0.012
588015509269381150	3325	41	4	108	30	6	0.075446	0.056017	18.214	15.825	14.452	13.855	13.025	0.017	3.75E-3	3.565E-3	1.048E-3	4.009E-3
587731186203951173	2662	40	3	283	69	3	0.055294	-0.078703	17.828	17.184	16.566	18	17.663	0.02	7.208E-3	0.015	0.034	0.046
587731186203951172	2662	40	3	283	68	6	0.055517	-0.078751	15.817	14.651	13.916	15.236	13.697	6.297E-3	4.226E-3	2.847E-3	0.012	4.875E-3
587731186203885625	2662	40	3	282	57	6	359.916775	-0.051905	15.174	12.904	11.995	11.733	13.104	6.968E-3	1.212E-3	8.215E-4	9.212E-4	7.615E-3
588015509269381215	3325	41	4	108	95	6	0.044641	0.088417	21.092	18.471	17.097	16.124	15.638	0.122	8.161E-3	5.249E-3	4.585E-3	6.868E-3
588015509269315650	3325	41	4	107	66	6	359.897811	1.225644E-3	17.399	15.981	15.415	15.141	15.032	0.011	3.856E-3	3.786E-3	3.874E-3	5.595E-3
587731186203885726	2662	40	3	282	158	6	359.93798	-0.085518	21.294	18.574	17.136	16.276	15.822	0.119	7.984E-3	5.393E-3	4.693E-3	6.821E-3
587731186203951169	2662	40	3	283	65	6	0.053476	-0.091222	18.968	17.88	17.496	17.352	17.278	0.024	5.928E-3	5.833E-3	6.254E-3	0.015
587731186203885711	2662	40	3	282	143	6	359.893268	-0.022088	20.094	18.52	17.878	17.652	17.539	0.05	7.726E-3	6.783E-3	7.175E-3	0.018
587731186203885683	2662	40	3	282	115	6	5.0832E-3	-0.116655	16.692	15.182	13.866	13.614	13.467	8.692E-3	4.447E-3	2.774E-3	3.794E-3	5.043E-3
587731186203951129	2662	40	3	283	25	6	0.030288	-0.113379	19.022	17.574	17.039	16.847	16.769	0.024	5.144E-3	5.116E-3	5.175E-3	0.011
587731186203951256	2662	40	3	283	152	6	0.086232	-0.084592	19.715	17.968	17.287	17.071	16.921	0.038	6.07E-3	5.53E-3	5.666E-3	0.012
588015509269446800	3325	41	4	109	144	6	0.113929	0.040293	20.606	18.157	17.1	16.727	16.577	0.083	6.822E-3	5.198E-3	5.333E-3	0.011
588015509269446683	3325	41	4	109	27	6	0.120854	5.412482E-4	17.838	15.423	14.185	14.052	13.409	0.014	3.606E-3	3.518E-3	1.243E-3	4.087E-3
587731186203951265	2662	40	3	283	161	6	0.122161	-9.3184E-3	19.764	18.294	17.757	17.566	17.493	0.04	6.989E-3	6.463E-3	6.893E-3	0.017
588015509269315635	3325	41	4	107	51	6	359.888286	0.054181	14.756	12.843	12.43	12.317	13.087	6.384E-3	1.137E-3	1.269E-3	9.569E-4	7.534E-3
588015509269315652	3325	41	4	107	68	6	359.90119	0.075519	15.547	14.508	13.89	14.25	13.911	6.861E-3	6.027E-3	8.692E-3	3.385E-3	8.105E-3
587731186203885696	2662	40	3	282	128	6	359.872665	-0.020221	20.998	18.494	17.09	16.404	16.03	0.1	7.673E-3	5.347E-3	4.957E-3	7.511E-3
587731186203885644	2662	40	3	282	76	6	359.931834	-0.109466	18.93	16.75	15.886	15.581	15.429	0.023	3.955E-3	4.441E-3	4.217E-3	5.85E-3
587731186203885643	2662	40	3	282	75	6	359.934391	-0.113735	14.779	13.073	12.673	12.606	13.176	6.084E-3	1.59E-3	1.396E-3	1.859E-3	6.382E-3
587731186203885588	2662	40	3	282	20	6	359.881708	-0.059598	16.845	15.089	14.413	14.325	14.017	7.649E-3	3.105E-3	4.126E-3	3.261E-3	4.369E-3
587731186203951253	2662	40	3	283	149	6	0.076111	-0.111743	19.768	18.034	17.39	17.159	17.003	0.039	6.346E-3	5.676E-3	5.81E-3	0.013
588015509269381134	3325	41	4	108	14	6	0.045329	0.127603	19.501	17.928	17.342	17.14	17.082	0.038	6.187E-3	5.675E-3	6.08E-3	0.015
587731186203951135	2662	40	3	283	31	6	0.032606	-0.131905	17.806	15.97	15.298	15.095	14.999	0.013	5.408E-3	7.217E-3	6.227E-3	7.685E-3
587731186203885659	2662	40	3	282	91	6	359.992717	-0.136548	16.482	15.037	14.099	14.129	13.755	7.761E-3	4.042E-3	2.99E-3	9.605E-3	5E-3
588015509269315616	3325	41	4	107	32	6	359.864187	0.017594	18.502	17.167	16.626	16.427	16.353	0.021	4.809E-3	4.69E-3	4.772E-3	9.735E-3
587731186203885594	2662	40	3	282	26	6	359.889351	-0.086489	19.441	18.26	17.809	17.668	17.64	0.031	6.73E-3	6.514E-3	7.184E-3	0.018
587731186203885735	2662	40	3	282	167	6	359.964672	-0.136742	20.834	18.038	16.625	15.908	15.53	0.086	6.139E-3	4.633E-3	4.039E-3	5.903E-3
588015509269315733	3325	41	4	107	149	6	359.940443	0.128921	21.222	19.138	17.726	17.102	16.798	0.144	0.011	6.493E-3	5.905E-3	0.012
587731186203885716	2662	40	3	282	148	6	359.915859	-0.114574	20.776	18.164	16.798	16.18	15.86	0.08	6.554E-3	5.02E-3	4.67E-3	6.998E-3
588015509269315704	3325	41	4	107	120	6	359.857407	0.012705	19.895	18.217	17.563	17.351	17.234	0.051	7.043E-3	6.121E-3	6.501E-3	0.017
588015509269315620	3325	41	4	107	36	6	359.87409	0.068735	18.032	16.06	15.221	14.926	14.797	0.016	3.875E-3	3.862E-3	3.81E-3	5.247E-3
588015509269315663	3325	41	4	107	79	6	359.923686	0.122244	15.679	13.658	12.638	12.306	13.114	7.38E-3	2.149E-3	1.167E-3	1.008E-3	7.977E-3
588015509269315738	3325	41	4	107	154	6	359.953712	0.137953	21.393	19.057	17.918	17.487	17.28	0.169	0.011	7.054E-3	6.944E-3	0.017
588015509269315664	3325	41	4	107	80	6	359.924253	0.126308	18.682	17.488	17.049	16.887	16.887	0.023	5.24E-3	5.162E-3	5.455E-3	0.013
588015509269315702	3325	41	4	107	118	6	359.853715	0.021109	20.623	18.163	16.748	16.029	15.638	0.089	6.963E-3	4.795E-3	4.408E-3	6.893E-3
587731186203820133	2662	40	3	281	101	6	359.85945	-0.047694	18.434	17.269	16.782	16.638	16.496	0.017	4.606E-3	5.047E-3	5.172E-3	9.266E-3
588015509269315610	3325	41	4	107	26	6	359.851405	0.010167	18.638	17.25	16.05	15.793	15.674	0.023	7.129E-3	7.066E-3	7.048E-3	0.011
588015509269315678	3325	41	4	107	94	6	359.941678	0.137665	18.267	16.705	16.101	15.882	15.822	0.018	4.259E-3	4.234E-3	4.334E-3	7.376E-3
588015509269381143	3325	41	4	108	23	6	0.060061	0.139438	19.401	17.131	16.246	15.974	15.872	0.036	4.761E-3	4.283E-3	4.462E-3	7.627E-3
587731186203820189	2662	40	3	281	157	6	359.859354	-0.06211	21.013	18.565	17.396	16.925	16.649	0.101	7.825E-3	5.823E-3	5.607E-3	0.01
588015509269381163	3325	41	4	108	43	6	0.102347	0.118623	18.514	17.075	16.58	16.416	16.401	0.021	6.984E-3	7.161E-3	8.131E-3	0.013
587731186203820120	2662	40	3	281	88	6	359.842355	-5.548467E-3	16.69	14.935	14.293	14.065	13.948	8.01E-3	4.535E-3	8.019E-3	7.36E-3	7.671E-3
587731186203951183	2662	40	3	283	79	6	0.090701	-0.12917	16.906	15.782	15.425	15.315	15.273	8.068E-3	3.541E-3	4.203E-3	3.976E-3	5.568E-3
587731186203885709	2662	40	3	282	141	6	359.89106	-0.117763	21.942	19.24	17.797	16.567	15.924	0.207	0.012	6.617E-3	5.091E-3	7.229E-3
587731186203951207	2662	40	3	283	103	6	0.117511	-0.109427	15.626	14.656	13.964	13.81	13.71	5.594E-3	4.349E-3	3.073E-3	4.399E-3	4.642E-3
588015509269381160	3325	41	4	108	40	6	0.10161	0.127291	16.637	15.386	14.927	14.77	14.771	7.745E-3	3.597E-3	3.633E-3	3.954E-3	5.173E-3
587731186203820184	2662	40	3	281	152	6	359.83786	-0.022042	21.788	19.075	17.666	16.503	15.876	0.198	0.011	6.336E-3	5.189E-3	7.056E-3
588015509269446815	3325	41	4	109	159	6	0.143593	0.079625	22.143	19.523	17.961	16.998	16.48	0.288	0.014	7.325E-3	5.858E-3	0.01
587731186204016720	2662	40	3	284	80	3	0.163804	-0.013391	19.099	17.077	16.108	15.669	15.3	0.06	6.67E-3	4.183E-3	4.251E-3	9.05E-3
587731186203951220	2662	40	3	283	116	6	0.137485	-0.091031	15.788	15.393	13.674	13.54	13.895	8.022E-3	8.83E-3	2.532E-3	3.834E-3	8.276E-3
588015509269381220	3325	41	4	108	100	6	0.067515	0.151525	20.251	18.401	17.668	17.413	17.305	0.063	7.654E-3	6.382E-3	6.743E-3	0.017
587731186203820123	2662	40	3	281	91	6	359.847238	-0.066416	16.106	14.893	13.066	12.738	13.077	6.878E-3	4.733E-3	1.643E-3	1.089E-3	6.646E-3
588015509269381157	3325	41	4	108	37	6	0.093271	0.13931	17.819	16.588	16.17	16.033	16.036	0.014	4.2E-3	4.192E-3	4.505E-3	8.226E-3
587731186203885653	2662	40	3	282	85	6	359.939545	-0.157594	19.13	16.871	16.004	15.723	15.591	0.025	4.092E-3	4.437E-3	4.295E-3	6.204E-3
587731186203951121	2662	40	3	283	17	6	0.024341	-0.168911	18.461	16.301	15.469	15.178	15.032	0.017	3.724E-3	4.148E-3	3.79E-3	5.093E-3
587731186203951189	2662	40	3	283	85	6	0.118858	-0.122528	21.811	19.217	17.776	16.929	16.447	0.183	0.011	6.383E-3	5.403E-3	9.074E-3
588015509269446824	3325	41	4	109	168	3	0.168493	0.027409	20.444	18.548	17.577	17.142	16.847	0.126	0.01	7.269E-3	7.208E-3	0.02
588015509269315618	3325	41	4	107	34	6	359.86592	0.106198	16.469	15.405	15.104	15.02	15.049	7.421E-3	3.616E-3	3.809E-3	3.809E-3	5.659E-3
588015509269446739	3325	41	4	109	83	6	0.172062	9.744594E-3	19.388	17.495	16.691	16.406	16.321	0.036	5.285E-3	4.574E-3	4.917E-3	9.212E-3
588015509269381207	3325	41	4	108	87	6	0.024937	0.170557	20.334	17.871	16.831	16.416	16.198	0.068	6.08E-3	4.871E-3	4.91E-3	8.905E-3
587731186203820186	2662	40	3	281	154	6	359.838677	-0.065325	20.88	18.418	17.042	16.291	15.862	0.092	7.258E-3	5.363E-3	5.001E-3	7.097E-3
587731186203951187	2662	40	3	283	83	6	0.116742	-0.129548	15.024	12.567	11.955	11.833	12.521	6.172E-3	1.321E-3	1.65E-3	1.538E-3	5.894E-3
587731186203951188	2662	40	3	283	84	6	0.117295	-0.131792	16.671	14.936	14.313	14.083	14.004	7.102E-3	3.394E-3	3.919E-3	3.702E-3	4.128E-3
588015509269381176	3325	41	4	108	56	6	359.965205	0.17359	20.898	18.242	16.996	16.463	16.151	0.108	7.096E-3	5.082E-3	4.912E-3	8.804E-3
587731186203885656	2662	40	3	282	88	6	359.949017	-0.16955	16.531	15.384	14.971	14.819	14.769	6.969E-3	3.185E-3	4.125E-3	3.975E-3	4.951E-3
588015509269446827	3325	41	4	109	171	3	0.175631	0.026633	19.257	17.445	16.566	16.157	15.868	0.058	5.878E-3	4.47E-3	4.544E-3	0.011
587731186203951241	2662	40	3	283	137	6	0.034683	-0.175569	20.365	17.743	16.444	15.83	15.515	0.059	5.549E-3	4.622E-3	4.071E-3	6.068E-3
588015509269315599	3325	41	4	107	15	6	359.825564	0.05228	18.212	16.681	16.094	15.902	15.854	0.017	4.265E-3	4.205E-3	4.303E-3	7.498E-3
588015509269315614	3325	41	4	107	30	6	359.862491	0.119987	19.155	17.711	17.119	16.911	16.845	0.032	5.739E-3	5.278E-3	5.537E-3	0.013
587731186204016724	2662	40	3	284	84	6	0.173841	-0.059713	21.261	18.668	17.236	16.475	16.054	0.118	8.278E-3	5.315E-3	4.952E-3	7.615E-3
587731186203885577	2662	40	3	282	9	6	359.876045	-0.135787	15.297	14.146	13.04	12.929	13.117	5.403E-3	4.657E-3	2.02E-3	1.457E-3	5.636E-3
587731186203885639	2662	40	3	282	71	6	359.928063	-0.170266	19.35	18.04	17.534	17.337	17.259	0.03	6.104E-3	5.919E-3	6.307E-3	0.014
588015509269446753	3325	41	4	109	97	6	0.185417	7.636631E-4	19.109	17.857	17.372	17.173	17.142	0.031	8.42E-3	8.226E-3	9.777E-3	0.018
587731186203885748	2662	40	3	282	180	3	6.873286E-4	-0.185717	19.663	18.632	17.894	17.506	17.283	0.063	0.012	9.778E-3	9.672E-3	0.029
588015509269446742	3325	41	4	109	86	6	0.175227	0.066118	19.354	16.724	15.354	14.756	14.472	0.037	4.336E-3	3.739E-3	4.041E-3	4.921E-3
587731186203951232	2662	40	3	283	128	6	0.026585	-0.186418	21.423	18.779	17.615	17.109	16.806	0.134	8.914E-3	6.122E-3	5.677E-3	0.011
588015509269446690	3325	41	4	109	34	6	0.139057	0.127056	16.235	14.425	13.526	13.75	13.379	6.721E-3	3.472E-3	8.839E-3	7.516E-4	4.292E-3
588015509269315603	3325	41	4	107	19	6	359.826188	0.074514	19.297	18.3	17.911	17.75	17.706	0.034	7.195E-3	6.977E-3	7.801E-3	0.022
588015509269381213	3325	41	4	108	93	6	0.041935	0.185245	19.61	17.169	16.122	15.771	15.59	0.041	4.814E-3	4.219E-3	4.328E-3	6.905E-3
588015509269250084	3325	41	4	106	36	3	359.810184	8.910223E-3	19.163	16.998	16.1	15.779	15.604	0.033	4.334E-3	3.815E-3	3.793E-3	6.724E-3
588015509269315612	3325	41	4	107	28	6	359.860896	0.132703	18.144	15.979	15.073	14.77	14.637	0.017	3.854E-3	3.801E-3	3.751E-3	5.059E-3
587731186203885606	2662	40	3	282	38	6	359.893605	-0.163016	17.62	16.36	15.894	15.73	15.681	0.011	3.668E-3	4.431E-3	4.423E-3	6.467E-3
587731186203885724	2662	40	3	282	156	6	359.933383	-0.183163	21.579	18.935	17.484	16.763	16.366	0.152	9.729E-3	5.887E-3	5.242E-3	8.851E-3
587731186203885573	2662	40	3	282	5	6	359.869397	-0.145785	17.624	16.13	15.562	15.362	15.29	0.011	3.488E-3	4.354E-3	4.348E-3	5.652E-3
588015509269250205	3325	41	4	106	157	6	359.804028	3.038215E-3	19.56	18.237	17.738	17.509	17.41	0.041	7.202E-3	6.542E-3	7.1E-3	0.019
587731186203951178	2662	40	3	283	74	6	0.07725	-0.185015	19.358	18.19	17.744	17.578	17.501	0.029	6.529E-3	6.33E-3	6.828E-3	0.017
588015509269315726	3325	41	4	107	142	6	359.929776	0.188694	20.681	18.144	16.757	16.13	15.823	0.095	6.768E-3	4.787E-3	4.506E-3	7.363E-3
588015509269446687	3325	41	4	109	31	6	0.129993	0.154724	19.405	17.026	16.005	15.628	15.462	0.035	4.658E-3	4.011E-3	4.315E-3	6.501E-3
588015509269446755	3325	41	4	109	99	6	0.195199	0.0527	18.213	16.91	16.411	16.237	16.202	0.018	4.506E-3	4.349E-3	4.837E-3	8.833E-3
588015509269446810	3325	41	4	109	154	6	0.127403	0.157167	20.92	18.523	17.272	16.743	16.486	0.106	8.134E-3	5.475E-3	5.415E-3	0.011
588015509269446859	3325	41	4	109	203	3	0.18823	0.075873	20.157	18.154	17.154	16.724	16.393	0.107	8.35E-3	5.756E-3	5.797E-3	0.015
588015509269446865	3325	41	4	109	209	3	0.193017	0.065257	19.236	17.239	16.235	15.794	15.45	0.066	5.646E-3	4.023E-3	4.039E-3	9.46E-3
587731186203951175	2662	40	3	283	71	6	0.077083	-0.18943	19.205	17.832	17.31	17.132	17.022	0.027	5.78E-3	5.547E-3	5.769E-3	0.013
588015509269446860	3325	41	4	109	204	3	0.188842	0.079557	20.34	18.591	17.574	17.095	16.774	0.145	0.012	8.024E-3	7.923E-3	0.023
587731186203951260	2662	40	3	283	156	6	0.098976	-0.182145	21.64	19.035	17.591	16.933	16.559	0.161	0.01	6.043E-3	5.424E-3	9.729E-3
587731186203951224	2662	40	3	283	120	6	0.157079	-0.137651	19.068	17.904	17.522	17.373	17.335	0.025	5.906E-3	5.864E-3	6.404E-3	0.016
588015509269446874	3325	41	4	109	218	6	0.204454	0.054064	20.018	17.928	17.046	16.715	16.602	0.054	6.233E-3	5.179E-3	5.343E-3	0.011
587731186203820105	2662	40	3	281	73	6	359.817698	-0.108603	18.248	16.486	15.756	15.509	15.386	0.016	3.791E-3	4.539E-3	4.529E-3	5.905E-3
587731186740756667	2662	40	4	282	187	6	0.012237	0.21312	21.111	18.41	17.016	15.882	15.261	0.106	7.101E-3	5.122E-3	4.056E-3	5.665E-3
588015509269446880	3325	41	4	109	224	3	0.205857	0.057571	20.5	17.883	16.445	15.417	14.915	0.083	6.001E-3	4.179E-3	3.867E-3	5.09E-3
588015509269446881	3325	41	4	109	225	3	0.208107	0.05789	20.4	18.648	17.703	17.28	17.013	0.137	0.012	8.192E-3	8.327E-3	0.025
588015508732445485	3325	41	3	107	813	3	359.948585	-0.210526	18.069	17.951	17.361	16.094	16.668	0.475	0.158	0.137	0.073	0.497
588015509269446758	3325	41	4	109	102	6	0.211589	0.049997	18.096	15.597	14.096	13.492	12.791	0.016	3.703E-3	3.536E-3	5.424E-4	4.061E-3
588015508732445367	3325	41	3	107	695	3	359.941378	-0.210245	18.478	18.384	17.079	16.141	16.055	0.662	0.219	0.1	0.071	0.27
587731186740822171	2662	40	4	283	155	6	0.045566	0.21359	20.32	18.173	17.261	16.92	16.733	0.06	6.419E-3	5.47E-3	5.38E-3	0.011
587731186203951216	2662	40	3	283	112	6	0.135796	-0.172524	15.888	14.613	14.138	14.013	13.914	5.683E-3	3.833E-3	5.816E-3	4.221E-3	4.387E-3
588015509269315722	3325	41	4	107	138	6	359.923116	0.206191	19.816	17.175	15.92	15.41	15.134	0.049	4.867E-3	4.143E-3	4.034E-3	5.715E-3
587731186203885599	2662	40	3	282	31	6	359.890472	-0.191034	15.762	14.791	13.324	13.095	13.198	6.043E-3	4.529E-3	2.172E-3	1.549E-3	5.593E-3
587731186203951222	2662	40	3	283	118	6	0.149691	-0.161563	18.572	17.22	16.737	16.567	16.504	0.019	4.791E-3	4.771E-3	4.966E-3	9.477E-3
588015509269250081	3325	41	4	106	33	6	359.792355	0.076163	19.298	17.611	16.949	16.675	16.584	0.034	5.556E-3	5.047E-3	5.185E-3	0.011
587731186203820083	2662	40	3	281	51	6	359.79164	-0.074791	16.278	15.185	14.743	14.589	14.523	6.004E-3	3.238E-3	4.354E-3	4.405E-3	4.81E-3
588015508732510249	3325	41	3	108	41	6	359.999493	-0.221597	18.316	17.134	16.701	16.54	16.471	0.018	4.873E-3	4.724E-3	5.14E-3	9.821E-3
588015509269250186	3325	41	4	106	138	6	359.782322	0.04318	21.417	18.778	17.322	16.367	15.902	0.165	9.427E-3	5.65E-3	4.803E-3	7.708E-3
588015509269381155	3325	41	4	108	35	6	0.083358	0.20751	17.842	16.527	16.034	15.858	15.814	0.015	4.194E-3	4.101E-3	4.355E-3	7.444E-3
588015509269446885	3325	41	4	109	229	6	0.217409	0.055093	20.994	18.378	17.206	16.766	16.558	0.111	7.772E-3	5.436E-3	5.478E-3	0.011
587731186740822059	2662	40	4	283	43	6	0.072744	0.213344	16.354	14.962	15.666	13.949	13.728	7.371E-3	4.118E-3	0.013	3.617E-3	4.717E-3
588015509269250095	3325	41	4	106	47	6	359.811233	0.123697	19.206	17.358	16.625	16.348	16.229	0.032	5.13E-3	4.644E-3	4.692E-3	9.097E-3
588015508732444851	3325	41	3	107	179	6	359.91903	-0.210972	21.607	18.978	17.616	16.958	16.6	0.165	0.01	6.229E-3	5.749E-3	0.01
588015509269446698	3325	41	4	109	42	6	0.143627	0.174761	14.715	11.658	11.261	11.11	11.436	0.01	6.507E-4	6.633E-4	7.119E-4	2.871E-3
587731186203885608	2662	40	3	282	40	6	359.896197	-0.201336	18.369	16.734	16.091	15.868	15.774	0.017	3.969E-3	4.508E-3	4.526E-3	6.818E-3
587731186740822027	2662	40	4	283	11	6	0.057484	0.220038	14.742	14.768	14.488	11.145	11.671	9.662E-3	9.201E-3	0.01	5.104E-4	2.909E-3
587731186740822028	2662	40	4	283	12	3	0.058085	0.220115	18.849	17.474	15.748	15.258	16.362	0.174	0.033	0.017	0.014	0.041
587731186203820073	2662	40	3	281	41	6	359.772052	-8.779514E-4	17.313	15.641	15.049	14.841	14.711	9.775E-3	3.373E-3	4.475E-3	4.487E-3	5.087E-3
588015509269446823	3325	41	4	109	167	3	0.167557	0.156523	20.626	18.58	17.433	16.928	16.562	0.236	0.015	8.9E-3	9.046E-3	0.024
587731186203820107	2662	40	3	281	75	6	359.818422	-0.14027	17.672	16.242	15.582	15.342	15.219	0.011	3.567E-3	4.363E-3	4.334E-3	5.566E-3
588015508732510252	3325	41	3	108	44	6	0.010768	-0.229742	15.76	14.604	13.89	13.784	13.565	5.999E-3	4.368E-3	4.928E-3	2.75E-3	5.207E-3
587731186203885702	2662	40	3	282	134	6	359.879221	-0.195768	20.725	18.509	17.584	17.273	17.101	0.079	7.749E-3	6.098E-3	6.193E-3	0.013
588015508732510253	3325	41	3	108	45	3	0.01101	-0.229777	17.935	16.29	17.445	24.273	17.051	0.019	4.94E-3	0.02	0.958	0.022
587731186203820170	2662	40	3	281	138	6	359.794424	-0.105724	20.044	18.221	17.49	17.218	17.062	0.049	6.682E-3	6.025E-3	6.223E-3	0.013
587731186740822193	2662	40	4	283	177	3	0.08723	0.215075	18.506	17.262	16.81	16.502	16.327	0.047	9.736E-3	6.387E-3	7.384E-3	0.025
587731186740756663	2662	40	4	282	183	6	8.347114E-3	0.232898	22.003	19.101	17.855	17.372	17.066	0.222	0.01	6.612E-3	6.248E-3	0.014
588015509269381168	3325	41	4	108	48	3	0.109296	0.205875	16.072	16.446	14.789	13.974	15.481	0.052	0.03	9.484E-3	8.127E-3	0.102
587731186203820069	2662	40	3	281	37	6	359.771625	-0.047108	15.703	14.525	13.99	13.924	13.754	5.234E-3	3.504E-3	4.002E-3	3.901E-3	5.221E-3
587731186203820092	2662	40	3	281	60	6	359.802833	-0.124931	14.988	16.696	15.443	15.208	13.59	5.75E-3	0.016	0.013	0.013	7.743E-3
588015508732444739	3325	41	3	107	67	6	359.948556	-0.22843	19.583	17.2	16.299	16.006	15.805	0.037	4.956E-3	4.33E-3	4.43E-3	7.186E-3
588015509269446659	3325	41	4	109	3	3	0.115544	0.205027	11.099	9.544	12.602	12.993	9.451	1.05E-3	2.36E-4	7.177E-3	0.01	8.694E-4
588015509269315623	3325	41	4	107	39	6	359.887212	0.207702	14.64	12.865	12.386	12.224	12.975	5.638E-3	1.39E-3	1.316E-3	9.497E-4	7.126E-3
587731186740756553	2662	40	4	282	73	6	359.963685	0.233976	19.412	16.93	15.696	15.127	14.787	0.032	4.117E-3	4.13E-3	3.74E-3	4.871E-3
587731186203820110	2662	40	3	281	78	6	359.826203	-0.161257	15.156	15.47	13.212	13.087	13.485	5.534E-3	0.014	1.431E-3	1.885E-3	6.736E-3
587731186203820091	2662	40	3	281	59	6	359.797551	-0.123394	15.673	16.857	12.119	11.923	13.431	6.427E-3	0.016	6.467E-4	1.281E-3	8.867E-3
588015509269446668	3325	41	4	109	12	3	0.117231	0.207485	23.707	16.811	16.556	17.657	19.97	8.136	0.017	0.017	0.146	1.198
588015508732510302	3325	41	3	108	94	6	0.096111	-0.219244	18.269	17.1	16.643	16.478	16.406	0.017	4.847E-3	4.623E-3	5.035E-3	9.515E-3
587731186740822179	2662	40	4	283	163	6	0.054185	0.234317	22.213	18.674	17.331	17.027	16.305	0.275	8.261E-3	5.764E-3	5.8E-3	9.116E-3
587731186204016736	2662	40	3	284	96	3	0.200919	-0.132493	20.892	19.215	17.857	17.33	16.888	0.2	0.018	9.451E-3	9.032E-3	0.023
587731186740822178	2662	40	4	283	162	6	0.054143	0.234701	20.531	17.998	16.512	15.772	15.513	0.07	6.12E-3	4.679E-3	3.903E-3	6.126E-3
588015509269250089	3325	41	4	106	41	6	359.811416	0.150681	15.951	14.439	14.844	13.254	13.127	6.709E-3	4.374E-3	0.011	1.613E-3	5.177E-3
588015509269250198	3325	41	4	106	150	6	359.797446	0.132314	20.694	18.047	16.582	15.523	14.989	0.091	6.513E-3	4.662E-3	4.082E-3	5.572E-3
588015508732510233	3325	41	3	108	25	6	359.963996	-0.2394	19.176	17.743	17.216	17.025	16.924	0.03	7.73E-3	7.799E-3	8.956E-3	0.016
588015508732510288	3325	41	3	108	80	6	0.050324	-0.237321	17.256	16.008	15.543	15.389	15.322	9.874E-3	3.821E-3	3.893E-3	4.188E-3	5.973E-3
587731186204016664	2662	40	3	284	24	6	0.225601	-0.089731	19.518	18.183	17.661	17.434	17.353	0.034	6.782E-3	6.078E-3	6.634E-3	0.016
588015509269446781	3325	41	4	109	125	6	0.243741	0.017144	16.992	15.313	14.66	12.722	14.336	9.18E-3	3.573E-3	3.567E-3	1.442E-3	4.638E-3
588015509269446750	3325	41	4	109	94	6	0.184268	0.161365	17.722	15.628	14.838	14.844	14.508	0.013	3.689E-3	3.602E-3	0.012	4.884E-3
588015508732444806	3325	41	3	107	134	6	359.898872	-0.223121	20.366	17.478	16.226	15.735	15.477	0.062	5.37E-3	4.353E-3	4.346E-3	6.363E-3
588015509269446776	3325	41	4	109	120	6	0.240097	0.053386	15.169	13.939	13.755	13.931	13.907	5.154E-3	0.011	6.502E-3	2.026E-3	5.059E-3
588015509269446771	3325	41	4	109	115	6	0.22557	0.099216	15.461	14.436	14.044	16.978	13.902	5.112E-3	3.42E-3	3.489E-3	0.016	4.44E-3
588015509269446745	3325	41	4	109	89	6	0.183977	0.16565	17.167	15.478	14.606	14.883	14.429	0.011	4.322E-3	3.557E-3	2.734E-3	4.955E-3
587731186204016744	2662	40	3	284	104	6	0.21836	-0.121154	21.584	19.114	17.763	16.654	16.09	0.154	0.01	6.265E-3	5.285E-3	7.621E-3
588015508732510242	3325	41	3	108	34	6	359.992645	-0.250079	15.425	14.156	13.264	13.107	12.967	5.434E-3	4.243E-3	2.978E-3	1.356E-3	5.208E-3
588015509269446780	3325	41	4	109	124	6	0.250883	0.01959	17.219	15.113	13.628	16.376	12.406	0.012	4.127E-3	4.583E-3	0.017	4.501E-3
587731186740822066	2662	40	4	283	50	6	0.097198	0.232273	18.384	15.909	14.826	14.472	14.29	0.018	3.644E-3	3.941E-3	3.698E-3	4.348E-3
588015509269446772	3325	41	4	109	116	6	0.228432	0.105942	17.637	16.449	16.006	15.843	15.82	0.013	4.074E-3	4.025E-3	4.418E-3	7.422E-3
588015509269250169	3325	41	4	106	121	6	359.763131	0.085844	20.789	18.154	16.692	15.568	15.013	0.097	6.82E-3	4.765E-3	4.19E-3	5.574E-3
587731186203820076	2662	40	3	281	44	6	359.783616	-0.129381	17.785	15.464	15.375	13.826	13.404	0.014	3.63E-3	0.012	2.012E-3	4.979E-3
588015509269446790	3325	41	4	109	134	6	0.252387	5.416623E-3	18.001	16.128	15.44	15.229	15.175	0.016	3.932E-3	3.779E-3	4.223E-3	5.767E-3
588015509269446718	3325	41	4	109	62	6	0.153839	0.200292	16.143	14.754	14.272	16.762	14.101	6.421E-3	3.47E-3	3.507E-3	0.015	4.551E-3
588015509269250075	3325	41	4	106	27	6	359.760762	0.081442	19.281	18.073	17.646	17.486	17.468	0.033	6.689E-3	6.322E-3	7.001E-3	0.019
588015509269250179	3325	41	4	106	131	6	359.778917	0.122789	20.847	18.375	16.963	15.987	15.494	0.103	7.451E-3	4.99E-3	4.383E-3	6.511E-3
587731186204016678	2662	40	3	284	38	6	0.249567	-0.046951	15.693	14.311	14.07	13.877	13.614	5.07E-3	3.635E-3	0.012	3.291E-3	4.133E-3
588015509269250167	3325	41	4	106	119	6	359.761266	0.087995	20.915	18.698	17.746	17.372	17.204	0.108	8.758E-3	6.625E-3	6.641E-3	0.016
587731186740822104	2662	40	4	283	88	6	0.142729	0.21097	17.005	15.386	14.778	14.536	14.442	8.611E-3	3.583E-3	3.822E-3	3.769E-3	4.455E-3
587731186204016667	2662	40	3	284	27	6	0.23093	-0.108434	19.697	18.369	17.809	17.529	17.415	0.038	7.09E-3	6.31E-3	6.831E-3	0.016
588015509269250158	3325	41	4	106	110	6	359.746415	0.03219	20.955	18.481	17.232	16.733	16.501	0.115	7.97E-3	5.489E-3	5.32E-3	0.011
588015509269446720	3325	41	4	109	64	3	0.152236	0.206101	20.359	20.236	17.558	17.717	17.375	0.542	0.159	0.023	0.042	0.139
587731186740822174	2662	40	4	283	158	6	0.050797	0.254411	22.194	19.354	17.91	16.744	16.116	0.268	0.012	6.782E-3	5.03E-3	8.189E-3
588015508732444794	3325	41	3	107	122	6	359.865528	-0.22227	20.358	18.288	17.568	17.3	17.131	0.062	7.503E-3	6.151E-3	6.468E-3	0.014
588015509269446788	3325	41	4	109	132	6	0.250269	0.07124	16.854	15.432	14.879	14.676	14.627	8.716E-3	3.612E-3	3.632E-3	4.031E-3	5.021E-3
588015509269446719	3325	41	4	109	63	6	0.160535	0.205237	17.599	15.773	15.1	14.84	14.745	0.012	3.705E-3	3.665E-3	3.954E-3	5.144E-3
588015509269250077	3325	41	4	106	29	6	359.762553	0.10949	16.531	15.264	14.814	14.623	14.587	9.185E-3	5.91E-3	6.537E-3	6.627E-3	8.485E-3
588015508732510264	3325	41	3	108	56	6	0.042072	-0.258163	15.857	14.564	14.088	13.915	13.867	5.537E-3	3.359E-3	3.628E-3	3.82E-3	4.435E-3
588015508732510236	3325	41	3	108	28	6	359.978514	-0.261241	16.107	14.949	14.546	14.403	14.353	6.04E-3	3.348E-3	3.649E-3	3.909E-3	4.818E-3
587731186740756620	2662	40	4	282	140	6	359.915745	0.250285	21.187	18.486	17.04	16.042	15.509	0.123	7.399E-3	4.901E-3	4.174E-3	6.124E-3
588015508732444731	3325	41	3	107	59	6	359.918014	-0.251359	19.168	17.559	16.994	16.798	16.709	0.03	5.555E-3	5.146E-3	5.486E-3	0.011
588015508732510261	3325	41	3	108	53	6	0.025333	-0.263187	17.839	15.789	14.968	14.676	14.531	0.014	3.697E-3	3.735E-3	3.971E-3	4.914E-3
587731186204016731	2662	40	3	284	91	6	0.180287	-0.193886	21.245	18.81	17.346	16.31	15.764	0.126	9.125E-3	5.338E-3	4.465E-3	6.657E-3
587731186204016673	2662	40	3	284	33	6	0.245135	-0.102017	17.098	15.807	15.374	15.183	15.13	8.589E-3	3.739E-3	3.775E-3	4.383E-3	5.226E-3
588015509269250144	3325	41	4	106	96	6	359.734717	0.013504	21.987	19.35	17.876	16.661	16.039	0.281	0.013	7.065E-3	5.198E-3	8.263E-3
587731186204016646	2662	40	3	284	6	6	0.171298	-0.203049	18.071	15.486	14.35	13.962	13.704	0.014	3.664E-3	3.804E-3	8.772E-3	3.897E-3
588015509269446897	3325	41	4	109	241	6	0.257282	0.066579	20.765	18.336	17.275	16.884	16.697	0.095	7.361E-3	5.449E-3	5.614E-3	0.012
587731186203820061	2662	40	3	281	29	6	359.737324	-0.045328	15.574	14.461	13.768	13.721	13.571	5.124E-3	3.647E-3	2.815E-3	2.125E-3	5.355E-3
587731186204016670	2662	40	3	284	30	6	0.23897	-0.119322	18.697	16.765	16.061	15.79	15.665	0.02	4.329E-3	4.083E-3	4.644E-3	6.538E-3
588015508732575792	3325	41	3	109	48	6	0.152567	-0.221714	21.018	18.362	16.908	16.006	15.519	0.107	7.744E-3	4.905E-3	4.627E-3	6.501E-3
587731186740822119	2662	40	4	283	103	3	0.153673	0.221841	18.514	15.741	15.542	14.533	14.953	0.302	8.271E-3	0.023	0.035	0.028
588015508732444801	3325	41	3	107	129	6	359.884229	-0.244782	20.578	17.806	16.364	15.428	14.928	0.074	6.111E-3	4.437E-3	4.091E-3	5.493E-3
588015509269512315	3325	41	4	110	123	3	0.261729	0.069964	19.785	17.923	16.918	16.474	16.125	0.11	8.823E-3	5.979E-3	6.002E-3	0.016
587731186740822111	2662	40	4	283	95	3	0.157289	0.222213	24.635	18.715	17.018	16.54	16.539	3.272	0.014	6.182E-3	0.028	0.019
587731186740822068	2662	40	4	283	52	6	0.097981	0.254037	17.71	16.381	15.858	15.665	15.588	0.012	3.875E-3	4.215E-3	4.067E-3	6.371E-3
587731186740822110	2662	40	4	283	94	3	0.158609	0.222424	24.841	17.915	16.715	17.478	16.418	2.195	6.747E-3	0.019	0.033	0.041
587731186740887562	2662	40	4	284	10	3	0.163422	0.218948	17.063	17.582	16.439	15.753	13.457	0.086	0.051	0.028	0.023	0.012
587731186740756636	2662	40	4	282	156	6	359.933015	0.26511	20.565	18.101	17.029	16.617	16.391	0.072	6.215E-3	5.162E-3	4.959E-3	9.326E-3
587731186203820058	2662	40	3	281	26	6	359.734852	-0.067928	18.145	16.889	16.358	16.145	16.015	0.015	4.178E-3	4.892E-3	4.87E-3	7.502E-3
587731186740756490	2662	40	4	282	10	6	359.866573	0.239537	15.58	14.819	13.7	13.458	13.459	5.76E-3	4.316E-3	2.749E-3	1.509E-3	5.402E-3
588015509269250134	3325	41	4	106	86	6	359.728147	0.038795	19.801	17.331	16.115	15.553	15.272	0.049	5.039E-3	4.236E-3	4.18E-3	6.018E-3
588015508732510324	3325	41	3	108	116	6	0.10801	-0.252759	19.451	16.805	15.614	15.179	14.946	0.035	4.487E-3	3.943E-3	4.178E-3	5.457E-3
587731186740822109	2662	40	4	283	93	3	0.162723	0.222995	12.622	9.275	11.462	11.232	10.494	1.693E-3	4.296E-4	9.294E-3	9.29E-3	0.01
587731186740756588	2662	40	4	282	108	6	359.876033	0.246988	21.975	19.228	17.946	17.415	17.098	0.234	0.012	6.858E-3	6.481E-3	0.014
587731186740756539	2662	40	4	282	59	6	359.923274	0.265623	19.091	17.588	16.993	16.752	16.66	0.027	5.099E-3	5.159E-3	5.227E-3	0.011
587731186740887566	2662	40	4	284	14	3	0.168984	0.21984	20.174	17.29	14.995	14.097	16.907	0.542	0.017	0.022	0.038	0.113
588015508732444744	3325	41	3	107	72	6	359.933795	-0.270034	18.876	17.696	17.022	17.022	17.201	0.023	6.076E-3	5.257E-3	6.323E-3	0.015
588015508732510211	3325	41	3	108	3	6	3.379235E-3	-0.278069	14.56	14.798	14.515	20.259	12.798	5.164E-3	0.01	0.011	0.095	6.321E-3
588015508732510215	3325	41	3	108	7	6	359.981217	-0.277622	19.891	17.433	16.09	15.474	15.121	0.047	5.251E-3	4.135E-3	4.175E-3	5.703E-3
588015508732510214	3325	41	3	108	6	3	359.964867	-0.276113	17.053	16.06	15.634	15.449	15.382	9.035E-3	3.751E-3	3.876E-3	4.118E-3	6.219E-3
588015509269446764	3325	41	4	109	108	6	0.212682	0.179608	18.615	16.291	15.356	14.956	14.77	0.022	3.999E-3	3.776E-3	4.053E-3	5.182E-3
588015509269512326	3325	41	4	110	134	6	0.273036	0.054439	21.401	18.705	17.327	16.689	16.377	0.159	8.738E-3	5.567E-3	5.299E-3	9.619E-3
587731186740756582	2662	40	4	282	102	6	359.871897	0.247523	20.074	17.391	16.271	15.839	15.6	0.052	4.759E-3	4.587E-3	4.431E-3	6.517E-3
588015509269250200	3325	41	4	106	152	6	359.79968	0.19477	19.428	17.673	16.937	16.555	16.525	0.038	8.059E-3	7.877E-3	7.978E-3	0.014
588015508732510213	3325	41	3	108	5	3	1.853088E-3	-0.279755	18.239	17.788	16.99	16.635	16.31	0.149	0.04	0.029	0.03	0.082
587731186203820086	2662	40	3	281	54	6	359.79162	-0.187312	19.371	17.61	16.94	16.641	16.597	0.032	5.248E-3	5.362E-3	5.256E-3	9.847E-3
587731186740887565	2662	40	4	284	13	3	0.169447	0.223659	18.324	18.512	16.042	15.28	15.794	0.154	0.05	0.018	0.02	0.033
588015508732444728	3325	41	3	107	56	6	359.894675	-0.260822	18.855	16.831	16.157	15.915	15.783	0.023	4.444E-3	4.296E-3	4.443E-3	7.145E-3
588015508732444748	3325	41	3	107	76	6	359.946288	-0.276139	24.635	19.533	17.836	18.925	15.99	1.651	0.024	9.634E-3	0.045	9.637E-3
588015508732510212	3325	41	3	108	4	6	359.9901	-0.281187	16.049	14.746	14.282	14.129	14.069	5.927E-3	3.282E-3	3.587E-3	3.851E-3	4.61E-3
588015508732444742	3325	41	3	107	70	6	359.930656	-0.273239	18.853	17.509	17.027	24.362	16.66	0.023	5.845E-3	5.583E-3	1.39	0.011
587731186740887567	2662	40	4	284	15	3	0.169854	0.226647	18.667	17.11	14.861	14.045	15.132	0.155	0.017	4.911E-3	5.891E-3	0.026
588015508732444746	3325	41	3	107	74	6	359.945194	-0.277921	24.635	19.338	17.663	18.223	15.475	1.811	0.03	0.012	0.036	8.933E-3
587731186204016654	2662	40	3	284	14	6	0.206109	-0.194472	16.202	14.817	13.599	13.327	13.259	6.729E-3	4.875E-3	3.084E-3	2.13E-3	4.527E-3
587731186203820034	2662	40	3	281	2	6	359.720766	-0.048463	18.013	16.591	16.024	15.795	15.653	0.014	3.902E-3	4.635E-3	4.562E-3	6.49E-3
588015509269250189	3325	41	4	106	141	6	359.786226	0.187224	21.058	18.53	17.055	16.267	15.853	0.125	8.073E-3	5.25E-3	4.627E-3	7.631E-3
587731186204016791	2662	40	3	284	151	6	0.284678	-2.083363E-3	21.623	18.965	17.563	16.456	15.851	0.194	9.622E-3	5.685E-3	4.875E-3	6.807E-3
588015508732444734	3325	41	3	107	62	3	359.9436	-0.280185	11.101	11.611	10.107	8.988	9.068	1.427E-3	6.586E-3	6.793E-3	7.548E-3	9.252E-3
587731186204016687	2662	40	3	284	47	6	0.261103	-0.116381	18.504	17.219	16.801	16.616	16.559	0.018	4.828E-3	4.585E-3	5.289E-3	9.804E-3
587731186204016764	2662	40	3	284	124	6	0.234692	-0.164255	21.669	19.255	17.893	16.935	16.438	0.173	0.013	9.355E-3	9.318E-3	0.011
588015508732444743	3325	41	3	107	71	3	359.942213	-0.282616	24.635	20.305	16.619	24.362	14.997	1.922	0.067	6.127E-3	5.262	6.869E-3
588015509269512330	3325	41	4	110	138	6	0.278015	0.077747	21.742	19.338	17.915	16.863	16.348	0.211	0.013	7.091E-3	5.623E-3	9.624E-3
588015508732444747	3325	41	3	107	75	6	359.941115	-0.284287	24.635	19.931	17.621	24.362	16.217	1.666	0.033	8.287E-3	3.289	0.011
587731186740756499	2662	40	4	282	19	6	359.882494	0.265605	17.083	15.671	15.112	14.886	14.777	8.75E-3	3.247E-3	4.157E-3	4.025E-3	5.018E-3
588015509269250160	3325	41	4	106	112	6	359.751433	0.151669	21.114	18.992	17.821	17.38	17.162	0.128	0.01	6.836E-3	6.765E-3	0.016
587731186740822022	2662	40	4	283	6	6	0.024172	0.290596	17.444	15.476	14.712	14.452	14.331	0.011	3.371E-3	3.925E-3	3.571E-3	4.453E-3
588015508732510259	3325	41	3	108	51	6	0.02204	-0.290828	17.876	16.785	16.394	16.263	16.222	0.014	4.374E-3	4.409E-3	4.823E-3	8.714E-3
588015508732510300	3325	41	3	108	92	6	0.088639	-0.27808	15.907	14.417	13.847	14.414	13.602	7.191E-3	5.417E-3	5.888E-3	3.494E-3	7.372E-3
587731186740887604	2662	40	4	284	52	6	0.168739	0.238961	16.507	15.159	14.706	14.535	14.517	6.828E-3	3.498E-3	3.765E-3	8.924E-3	4.509E-3
587731186740691111	2662	40	4	281	167	6	359.859483	0.256786	20.682	18.225	17.126	16.704	16.467	0.084	6.7E-3	5.434E-3	5.226E-3	9.762E-3
587731186204016762	2662	40	3	284	122	6	0.232689	-0.177989	21.007	18.797	17.866	17.452	17.262	0.102	8.801E-3	6.573E-3	6.752E-3	0.015
587731186204016775	2662	40	3	284	135	6	0.262396	-0.130296	20.272