587731186203820034
587731186203820058
587731186203820061
587731186203820069
587731186203820073
587731186203820076
587731186203820083
587731186203820086
587731186203820091
587731186203820092
587731186203820105
587731186203820107
587731186203820110
587731186203820120
587731186203820123
587731186203820133
587731186203820170
587731186203820184
587731186203820186
587731186203820189
587731186203885573
587731186203885577
587731186203885588
587731186203885594
587731186203885599
587731186203885606
587731186203885608
587731186203885617
587731186203885625
587731186203885639
587731186203885643
587731186203885644
587731186203885653
587731186203885656
587731186203885659
587731186203885665
587731186203885666
587731186203885669
587731186203885683
587731186203885696
587731186203885702
587731186203885709
587731186203885711
587731186203885716
587731186203885724
587731186203885726
587731186203885728
587731186203885730
587731186203885735
587731186203885748
587731186203885750
587731186203951111
587731186203951118
587731186203951121
587731186203951125
587731186203951129
587731186203951133
587731186203951135
587731186203951138
587731186203951167
587731186203951169
587731186203951172
587731186203951173
587731186203951175
587731186203951178
587731186203951183
587731186203951187
587731186203951188
587731186203951189
587731186203951207
587731186203951216
587731186203951220
587731186203951222
587731186203951224
587731186203951229
587731186203951232
587731186203951236
587731186203951241
587731186203951243
587731186203951253
587731186203951256
587731186203951260
587731186203951265
587731186204016646
587731186204016654
587731186204016664
587731186204016667
587731186204016670
587731186204016673
587731186204016678
587731186204016687
587731186204016720
587731186204016724
587731186204016731
587731186204016736
587731186204016744
587731186204016762
587731186204016764
587731186204016775
587731186204016791
587731186204016795
587731186740691111
587731186740756490
587731186740756499
587731186740756539
587731186740756553
587731186740756582
587731186740756588
587731186740756620
587731186740756636
587731186740756663
587731186740756667
587731186740822022
587731186740822027
587731186740822028
587731186740822059
587731186740822066
587731186740822068
587731186740822104
587731186740822109
587731186740822110
587731186740822111
587731186740822119
587731186740822171
587731186740822174
587731186740822178
587731186740822179
587731186740822193
587731186740887562
587731186740887565
587731186740887566
587731186740887567
587731186740887604
588015508732444728
588015508732444731
588015508732444734
588015508732444739
588015508732444742
588015508732444743
588015508732444744
588015508732444746
588015508732444747
588015508732444748
588015508732444794
588015508732444801
588015508732444806
588015508732444851
588015508732445367
588015508732445485
588015508732510211
588015508732510212
588015508732510213
588015508732510214
588015508732510215
588015508732510233
588015508732510236
588015508732510242
588015508732510249
588015508732510252
588015508732510253
588015508732510259
588015508732510261
588015508732510264
588015508732510288
588015508732510300
588015508732510302
588015508732510324
588015508732575792
588015509269250075
588015509269250077
588015509269250081
588015509269250084
588015509269250089
588015509269250095
588015509269250134
588015509269250144
588015509269250158
588015509269250160
588015509269250167
588015509269250169
588015509269250179
588015509269250186
588015509269250189
588015509269250198
588015509269250200
588015509269250205
588015509269315599
588015509269315603
588015509269315610
588015509269315612
588015509269315614
588015509269315616
588015509269315618
588015509269315620
588015509269315623
588015509269315635
588015509269315650
588015509269315652
588015509269315663
588015509269315664
588015509269315678
588015509269315702
588015509269315704
588015509269315722
588015509269315726
588015509269315733
588015509269315738
588015509269381122
588015509269381125
588015509269381128
588015509269381132
588015509269381134
588015509269381139
588015509269381143
588015509269381147
588015509269381150
588015509269381155
588015509269381157
588015509269381160
588015509269381163
588015509269381168
588015509269381176
588015509269381193
588015509269381204
588015509269381207
588015509269381210
588015509269381213
588015509269381215
588015509269381217
588015509269381220
588015509269446659
588015509269446668
588015509269446683
588015509269446687
588015509269446690
588015509269446698
588015509269446718
588015509269446719
588015509269446720
588015509269446739
588015509269446742
588015509269446745
588015509269446750
588015509269446753
588015509269446755
588015509269446758
588015509269446764
588015509269446771
588015509269446772
588015509269446776
588015509269446780
588015509269446781
588015509269446788
588015509269446790
588015509269446800
588015509269446810
588015509269446815
588015509269446823
588015509269446824
588015509269446827
588015509269446859
588015509269446860
588015509269446865
588015509269446874
588015509269446880
588015509269446881
588015509269446885
588015509269446897
588015509269512315
588015509269512326
588015509269512330
